"","2006 ¡(cid:226)¤ 19 …˙(cid:190) ¢(cid:239)¨¤(cid:224)(cid:239)·(cid:242)(cid:229)(cid:190)ł¤ “(cid:190)Œ(cid:239)…(cid:190)Œ (cid:192)(cid:190)”",""
"","3",""
"","(cid:239)(cid:201)(cid:190)(cid:204)(cid:224) ¤ł(cid:215)(cid:138) ˝(cid:230)˙ (cid:204)(cid:138)(cid:192)(cid:236)(cid:218)‚(cid:239)˘(cid:190)(cid:224) ˝(cid:229) (cid:239)(cid:190)(cid:229)(cid:239)(cid:201)(cid:190)(cid:204)(cid:224)(cid:201) (cid:192)(cid:201)”ł(cid:190)(cid:224)(cid:239)(cid:190)(cid:224)",""
"","… ˘(cid:190) ¤(cid:229)˙‚˘ ¡…(cid:229)˛ (cid:239)”(cid:229)˙”º˙(cid:230)(cid:201)¨ ¡(cid:201)(cid:226)¤ˆ(cid:229)(cid:201)˘ ”¤(cid:224)(cid:239)(cid:204)(cid:224)˙(cid:230)",""
"","¤ł(cid:215)(cid:239)(cid:138) ⁄(cid:192)˜(cid:229)(cid:190)˘ (cid:151)˘ ˘Œ”º ˘ ;",""
"","(¡(cid:229)) ¡…(cid:229)˛ (cid:239)”(cid:229)˙”º˙(cid:230)  (cid:176)(cid:190)(cid:190)˘ (cid:201)(cid:236)(cid:239)˘(cid:224) ¤(cid:201)˙ ¤(cid:229)(cid:218)˘˘¤(cid:224) (cid:204)¿˝(cid:229) …",""
"","˘(cid:190)  ¤(cid:229)˙‚˘    (cid:204)˝  £·  ¡…(cid:229)˛  (cid:239)(cid:201)(cid:190)”(cid:224)  (cid:204)Ł˘ı  ¡(cid:201)(cid:204)(cid:224)»(cid:229)“”",""
"","¤˙(cid:230)‚Œ     (cid:204)(cid:230)¨¤ł¨(cid:224)¨·    (cid:239)“(cid:190),    ¢˝”    ¤ø   ”˝(cid:201)Œ˙(cid:230)(cid:239)(cid:140)",""
"","(cid:151)˚(cid:224)(cid:201)(cid:204)(cid:190)ø˘”(cid:224)(cid:201)˘ (cid:192)Ł˛Ł´¿ (cid:192)(cid:242)(cid:149)”ł˘ ”¤(cid:224)(cid:239)(cid:204)(cid:224)˙(cid:230) ¤˛ ˘Œ”º ˘.",""
"","","(cid:204)Œ˙¤(cid:224)¸Ł”(cid:201) ˙¿(cid:201)(cid:229)"
"","6.  ¤ł(cid:204)Ł˘(cid:138) (cid:239)”(cid:229)˙”º˙(cid:230) (cid:204)Œ˙¤(cid:224)¸Ł”(cid:201) ˙¿(cid:201)(cid:229) ”´(cid:229)“” ˘Œ”º  ´(cid:201)· ˘(cid:138)",""
"","","”´(cid:229)“(cid:230)(cid:190)ø(cid:239)(cid:138)"
"(cid:190)ø”ł˘¤ (cid:192)(cid:201)”(cid:224)(cid:190)(cid:229) (cid:190)ł˘˜˘¤(cid:224), ƒ˜ …”(cid:224)” (cid:192)‚Ł(cid:201)Œ¶(cid:239)˘(cid:224), ¢(cid:239)¨¤(cid:224)(cid:239)·(cid:242)(cid:229)(cid:190)ł¤","",""
"","","¡(cid:201)˚æ”(cid:229)(cid:201)˘."
"(cid:239)¨(cid:224)'(cid:190)(cid:239)˘(cid:224),  ¢(cid:239)¨¤(cid:224)(cid:239)·(cid:242)(cid:229)(cid:190)ł¤  (cid:201)(cid:229)(cid:218)”(cid:229)(cid:239)(cid:140)  (cid:239)˝(cid:229)(cid:224)  (cid:239)(cid:201)(cid:190)”(cid:224)  (cid:204)(cid:190)(cid:224)(cid:190)ł(cid:239)(cid:140)…(cid:190)(cid:239)˘(cid:224)","",""
"(cid:239)”(cid:229)˙”º˙(cid:230) ¡(cid:229)˙(cid:138)ˆ(cid:239)˘(cid:224) …ß ¢(cid:239)¨¤(cid:224)(cid:239)·(cid:242)(cid:229)(cid:190)ł¤ (cid:204)(cid:224)(cid:201)˙(cid:231)(cid:192)(cid:239)˘(cid:190)(cid:224) (cid:176)(cid:190)(cid:190)˘ (cid:239)(cid:190)(cid:229)(cid:201)Œ(cid:201)","",""
"…, ƒ˜ (cid:239)”(cid:229)˙”º˙(cid:230) ¢(cid:239)¨¤(cid:224)(cid:239)·(cid:242)(cid:229)(cid:190)ł¤ (cid:204)(cid:224)(cid:201)˙(cid:231)(cid:192)(cid:239)˘(cid:190)(cid:224) (cid:204)Œ˙¤(cid:224)¸Ł”(cid:201) ”´(cid:229)“(cid:230)(cid:190)ø˜—","",""
"(¡)","ƒ˜  …”(cid:224)”  (cid:192)‚Ł(cid:201)Œ¶(cid:239)˘(cid:224),  ¢(cid:239)¨¤(cid:224)(cid:239)·(cid:242)(cid:229)(cid:190)ł¤  (cid:239)¨(cid:224)'(cid:190)(cid:239)˘(cid:224),",""
"","¢(cid:239)¨¤(cid:224)(cid:239)·(cid:242)(cid:229)(cid:190)ł¤  (cid:201)(cid:229)(cid:218)”(cid:229)(cid:239)(cid:140)  (cid:239)˝(cid:229)(cid:224)  (cid:239)(cid:201)(cid:190)”(cid:224)  (cid:204)(cid:190)(cid:224)(cid:190)ł(cid:239)(cid:140)…(cid:190)(cid:239)˘(cid:224)",""
"","(cid:239)”(cid:229)˙”º˙(cid:230)  ˆ(cid:229)(cid:151)”˘· “” ˝(cid:230)¤ł (cid:239)(cid:204)(cid:224) (cid:192)(cid:204)Œ ¡(cid:201)(cid:204)(cid:224)»(cid:229)(cid:201)¨ …ß (cid:239)˘(cid:229)˜Œ(cid:209)˜",""
"","(cid:204)¿˝(cid:229) (cid:192)(cid:242)(cid:239)(cid:140)˚ (cid:151)˘ ˝(cid:230)¤ł (cid:192)(cid:214)…œ (cid:192)(cid:201)”Ł(cid:190)(cid:224)(cid:239)(cid:190)(cid:224) (cid:190)(cid:138) ;",""
"(¡(cid:229))","ƒ˜  …”(cid:224)”    (cid:192)‚Ł(cid:201)Œ¶˘,  ¢(cid:239)¨¤(cid:224)(cid:239)·(cid:242)(cid:229)(cid:190)ł¤  (cid:239)¨(cid:224)'(cid:190)˘,",""
"","¢(cid:239)¨¤(cid:224)(cid:239)·(cid:242)(cid:229)(cid:190)ł¤ (cid:201)(cid:229)(cid:218)”(cid:229)(cid:201) (cid:239)˝(cid:229)(cid:224) (cid:239)(cid:201)(cid:190)”(cid:224) (cid:204)(cid:190)(cid:224)(cid:190)ł(cid:239)(cid:140)…(cid:190)˘ (cid:176)(cid:190)(cid:190)˘",""
"","(cid:201)(cid:236), ˘(cid:201)(cid:190) ¨… (cid:239)˝(cid:229)(cid:224)  ƒ(cid:201)(cid:190) ¨…  ¡(cid:229)¤(cid:238)”ł(cid:239)˘˝œ (cid:239)˝(cid:229)(cid:224) (cid:176)(cid:190)(cid:190)˘  (cid:201)(cid:236),",""
"","˘(cid:201)(cid:190)   ¨… (cid:239)˝(cid:229)(cid:224)  ƒ(cid:201)(cid:190)Œ ¨´(cid:190)  (cid:239)”(cid:229)˙”º˙(cid:230) (cid:190)ł(cid:201)(cid:230)˙…œ(cid:201) ¢…œ(cid:214)(cid:192)”(cid:224)",""
"","(cid:201)(cid:190) (cid:192)(cid:214)…œ …(cid:230)¤(cid:224)(cid:209)˜· ˝(cid:230)¤ł ¡(cid:229)¤(cid:238)”ł˘¤  (cid:204)Œ˙¤(cid:224)¸Ł”(cid:201) ˙¿(cid:201)(cid:229) ”´(cid:229)",""
"","¡(cid:230)”(cid:224)(cid:190)(cid:138) ; (cid:204)˝",""
"(¡(cid:230))","ƒ˜  …”(cid:224)”  (cid:192)‚Ł(cid:201)Œ¶(cid:239)˘(cid:224),  ¢(cid:239)¨¤(cid:224)(cid:239)·(cid:242)(cid:229)(cid:190)ł¤  (cid:239)¨(cid:224)'(cid:190)(cid:239)˘(cid:224),",""
"","¢(cid:239)¨¤(cid:224)(cid:239)·(cid:242)(cid:229)(cid:190)ł¤  (cid:201)(cid:229)(cid:218)”(cid:229)(cid:239)(cid:140)  (cid:239)˝(cid:229)(cid:224)  (cid:239)(cid:201)(cid:190)”(cid:224)  (cid:204)(cid:190)(cid:224)(cid:190)ł(cid:239)(cid:140)…(cid:190)(cid:239)˘(cid:224)",""
"","(cid:176)(cid:190)(cid:190)˘ (cid:204)˝ “˜(cid:190)(cid:229)(cid:190)(cid:224)”˘· ˘(cid:201)(cid:190)Œ ¨(cid:230)´(cid:236) (cid:239)˝(cid:229)(cid:224) ¨(cid:230)´Œ‚Œ …œ(cid:190)˘ ˝(cid:229)",""
"","(cid:239)(cid:140)¨(cid:229)(cid:201) … ”ł(cid:239)(cid:137) (cid:190)(cid:138), ƒ(cid:224)(cid:201)(cid:229) …(cid:230)(cid:190)“(cid:230)(cid:190)ø˜· ˝(cid:230)¤ł˘(cid:229)(cid:201) ¨(cid:230)(cid:239)´(cid:190)",""
"","(cid:192)(cid:214)…œ ƒ˜ (cid:239)”(cid:229)˙”º˙(cid:230)  (cid:204)Œ˙¤(cid:224)¸Ł” ¤˙ ”ł(cid:239)(cid:137) (cid:190)(cid:138),",""
